[gd_scene load_steps=7 format=3 uid="uid://dllo3od5a6l7y"]

[ext_resource type="Script" path="res://scripts/main.gd" id="1_a3k46"]

[sub_resource type="BoxMesh" id="BoxMesh_fynqy"]
size = Vector3(8, 8, 0.01)

[sub_resource type="Environment" id="Environment_pfw1w"]
background_mode = 1

[sub_resource type="BoxMesh" id="BoxMesh_hic7k"]
size = Vector3(8, 4, 0.01)

[sub_resource type="PlaneMesh" id="PlaneMesh_w7f50"]
size = Vector2(3.5, 4)

[sub_resource type="PlaneMesh" id="PlaneMesh_cwjrm"]
size = Vector2(9, 8)

[node name="Main" type="Node3D"]
transform = Transform3D(-0.0933823, -0.983243, -0.156569, -0.988823, 0.0732318, 0.129872, -0.11623, 0.166947, -0.979091, -6.54347e-05, 0, 0.0011059)
script = ExtResource("1_a3k46")

[node name="Floor" type="MeshInstance3D" parent="."]
transform = Transform3D(0.118733, -0.0879648, 0.989022, -0.160675, -0.984642, -0.0682861, 0.979839, -0.150803, -0.131043, 0, 0, 0)
mesh = SubResource("BoxMesh_fynqy")

[node name="Camera3D" type="Camera3D" parent="."]
transform = Transform3D(-0.0922543, -0.989286, -0.113145, -0.989481, 0.0783654, 0.121596, -0.111427, 0.123173, -0.98611, -2.12901, 0.811891, -4.16576)
environment = SubResource("Environment_pfw1w")
fov = 60.0
near = 0.001
far = 20.0

[node name="Wall" type="Node3D" parent="."]
transform = Transform3D(0.118733, -0.0879648, 0.989022, -0.160675, -0.984642, -0.068286, 0.979839, -0.150803, -0.131043, 0.229996, -0.0500894, 0.0120942)

[node name="Wall3" type="MeshInstance3D" parent="Wall"]
transform = Transform3D(0.00988476, 0.00590563, -0.999937, 0.999954, -0.00209342, 0.00987258, -0.00203497, -0.999984, -0.00592601, 3.92556, -0.00148789, -2.12735)
mesh = SubResource("BoxMesh_hic7k")
skeleton = NodePath("")

[node name="Wall4" type="MeshInstance3D" parent="Wall"]
transform = Transform3D(0.999908, 0.0130233, -0.00388022, 0.0130126, -0.999912, -0.00276536, -0.00391589, 0.00271463, -0.999989, 2.15166, 3.86331, -2.21371)
mesh = SubResource("PlaneMesh_w7f50")

[node name="Wall6" type="MeshInstance3D" parent="Wall"]
transform = Transform3D(1, -4.02522e-05, -0.000139831, 4.32311e-05, 0.999772, 0.0214129, 0.000138939, -0.0214129, 0.999771, 2.49154, -4.04025, -2.19919)
mesh = SubResource("PlaneMesh_w7f50")

[node name="Wall5" type="MeshInstance3D" parent="Wall"]
transform = Transform3D(0.999909, 0.0129824, -0.00401328, 0.0130516, -0.999759, 0.0177232, -0.00378222, -0.017774, -0.999835, -2.32327, 3.94453, -2.23222)
mesh = SubResource("PlaneMesh_w7f50")

[node name="Wall7" type="MeshInstance3D" parent="Wall"]
transform = Transform3D(1, -3.41469e-05, -0.000117891, 3.62559e-05, 0.999839, 0.0180627, 0.000117257, -0.0180628, 0.999837, -2.2715, -3.99766, -2.19491)
mesh = SubResource("PlaneMesh_w7f50")

[node name="OmniLight3D" type="OmniLight3D" parent="."]
transform = Transform3D(-0.0896891, -0.989311, -0.114979, -0.991844, 0.0782228, 0.100634, -0.0905638, 0.123067, -0.988257, -1.37236, -0.175496, 1.38896)

[node name="Roof" type="MeshInstance3D" parent="."]
transform = Transform3D(0.117382, 0.989503, 0.0842687, -0.165457, -0.0641829, 0.984124, 0.979203, -0.129461, 0.156187, -3.93077, 0.361849, 0.528831)
mesh = SubResource("PlaneMesh_cwjrm")

[node name="UI Container" type="Control" parent="."]
unique_name_in_owner = true
layout_mode = 3
anchors_preset = 0
offset_right = 40.0
offset_bottom = 40.0
